#Elapsed Time (secs),Bytes Received,Requests Serviced, Requests Failed, Comment
   0.11703,       1034,          0,          0, (null)
   0.13159,       1034,          1,          0, /courses/ud923/filecorpus/1kb-sample-file-1.html
   0.21998,       2107,          1,          0, (null)
   0.22715,       2107,          2,          0, /courses/ud923/filecorpus/1kb-sample-file-2.png
   0.28766,       3402,          2,          0, (null)
   0.29181,       3402,          3,          0, /courses/ud923/filecorpus/1kb-sample-file-3.jpg
   0.36728,       4675,          3,          0, (null)
   0.37355,       4675,          4,          0, /courses/ud923/filecorpus/1kb-sample-file-4.png
   0.51108,       8752,          4,          0, (null)
   0.51117,      12848,          4,          0, (null)
   0.51118,      16944,          4,          0, (null)
   0.51119,      21040,          4,          0, (null)
   0.51119,      25136,          4,          0, (null)
   0.51120,      29232,          4,          0, (null)
   0.51120,      33328,          4,          0, (null)
   0.51121,      37424,          4,          0, (null)
   0.51121,      41520,          4,          0, (null)
   0.51122,      45616,          4,          0, (null)
   0.51122,      49712,          4,          0, (null)
   0.51123,      53808,          4,          0, (null)
   0.51123,      57904,          4,          0, (null)
   0.51123,      62000,          4,          0, (null)
   0.51124,      66096,          4,          0, (null)
   0.51124,      70192,          4,          0, (null)
   0.51125,      74288,          4,          0, (null)
   0.51125,      78384,          4,          0, (null)
   0.51126,      82480,          4,          0, (null)
   0.51126,      86576,          4,          0, (null)
   0.51127,      90672,          4,          0, (null)
   0.51127,      94768,          4,          0, (null)
   0.51128,      98864,          4,          0, (null)
   0.51128,     102960,          4,          0, (null)
   0.51129,     107056,          4,          0, (null)
   0.51129,     111152,          4,          0, (null)
   0.51129,     115248,          4,          0, (null)
   0.51130,     119344,          4,          0, (null)
   0.51130,     123440,          4,          0, (null)
   0.51131,     127536,          4,          0, (null)
   0.51131,     131632,          4,          0, (null)
   0.51132,     135728,          4,          0, (null)
   0.51132,     139824,          4,          0, (null)
   0.51133,     143920,          4,          0, (null)
   0.51133,     148016,          4,          0, (null)
   0.51134,     152112,          4,          0, (null)
   0.51134,     156208,          4,          0, (null)
   0.51135,     160304,          4,          0, (null)
   0.51135,     164400,          4,          0, (null)
   0.51135,     168496,          4,          0, (null)
   0.51136,     172592,          4,          0, (null)
   0.51136,     176688,          4,          0, (null)
   0.51137,     180784,          4,          0, (null)
   0.51137,     184880,          4,          0, (null)
   0.51138,     188976,          4,          0, (null)
   0.51138,     193072,          4,          0, (null)
   0.51138,     197168,          4,          0, (null)
   0.51139,     201264,          4,          0, (null)
   0.51139,     205360,          4,          0, (null)
   0.51140,     209456,          4,          0, (null)
   0.51140,     213552,          4,          0, (null)
   0.51193,     217648,          4,          0, (null)
   0.51195,     221744,          4,          0, (null)
   0.51196,     225840,          4,          0, (null)
   0.51197,     229936,          4,          0, (null)
   0.51198,     234032,          4,          0, (null)
   0.51199,     237849,          4,          0, (null)
   0.51634,     237849,          5,          0, /courses/ud923/filecorpus/paraglider.jpg
   0.75464,     241926,          5,          0, (null)
   0.75475,     246022,          5,          0, (null)
   0.75476,     250118,          5,          0, (null)
   0.75477,     254214,          5,          0, (null)
   0.75478,     258310,          5,          0, (null)
   0.75479,     262406,          5,          0, (null)
   0.75479,     266502,          5,          0, (null)
   0.75480,     270598,          5,          0, (null)
   0.75480,     274694,          5,          0, (null)
   0.75481,     278790,          5,          0, (null)
   0.75481,     282886,          5,          0, (null)
   0.75482,     286982,          5,          0, (null)
   0.75482,     291078,          5,          0, (null)
   0.75483,     295174,          5,          0, (null)
   0.75483,     299270,          5,          0, (null)
   0.75484,     303366,          5,          0, (null)
   0.75484,     307462,          5,          0, (null)
   0.75484,     311558,          5,          0, (null)
   0.75485,     315654,          5,          0, (null)
   0.75485,     319750,          5,          0, (null)
   0.75488,     323846,          5,          0, (null)
   0.75489,     327942,          5,          0, (null)
   0.75489,     332038,          5,          0, (null)
   0.75490,     336134,          5,          0, (null)
   0.75490,     340230,          5,          0, (null)
   0.75491,     344326,          5,          0, (null)
   0.75491,     348422,          5,          0, (null)
   0.75492,     352518,          5,          0, (null)
   0.75492,     356614,          5,          0, (null)
   0.75493,     360710,          5,          0, (null)
   0.75493,     364806,          5,          0, (null)
   0.75493,     368902,          5,          0, (null)
   0.75494,     372998,          5,          0, (null)
   0.75494,     376026,          5,          0, (null)
   0.75931,     376026,          6,          0, /courses/ud923/filecorpus/road.jpg
   1.00705,     380103,          6,          0, (null)
   1.00709,     384199,          6,          0, (null)
   1.00709,     388295,          6,          0, (null)
   1.00710,     392391,          6,          0, (null)
   1.00710,     396487,          6,          0, (null)
   1.00711,     400583,          6,          0, (null)
   1.00711,     404679,          6,          0, (null)
   1.00712,     408775,          6,          0, (null)
   1.00712,     412871,          6,          0, (null)
   1.00713,     416967,          6,          0, (null)
   1.00713,     421063,          6,          0, (null)
   1.00714,     425159,          6,          0, (null)
   1.00714,     429255,          6,          0, (null)
   1.00715,     433351,          6,          0, (null)
   1.00715,     437447,          6,          0, (null)
   1.00715,     441543,          6,          0, (null)
   1.00716,     445639,          6,          0, (null)
   1.00716,     449735,          6,          0, (null)
   1.00717,     453831,          6,          0, (null)
   1.00717,     457927,          6,          0, (null)
   1.00718,     462023,          6,          0, (null)
   1.00718,     466119,          6,          0, (null)
   1.00718,     470215,          6,          0, (null)
   1.00719,     474311,          6,          0, (null)
   1.00719,     478407,          6,          0, (null)
   1.00720,     480270,          6,          0, (null)
   1.01197,     480270,          7,          0, /courses/ud923/filecorpus/yellowstone.jpg
   1.23379,     484347,          7,          0, (null)
   1.23383,     488443,          7,          0, (null)
   1.23384,     492539,          7,          0, (null)
   1.23385,     496635,          7,          0, (null)
   1.23385,     500731,          7,          0, (null)
   1.23386,     504827,          7,          0, (null)
   1.23386,     508923,          7,          0, (null)
   1.23387,     513019,          7,          0, (null)
   1.23387,     517115,          7,          0, (null)
   1.23387,     521211,          7,          0, (null)
   1.23388,     525307,          7,          0, (null)
   1.23389,     529403,          7,          0, (null)
   1.23389,     533499,          7,          0, (null)
   1.23389,     537595,          7,          0, (null)
   1.23390,     541691,          7,          0, (null)
   1.23392,     545787,          7,          0, (null)
   1.23392,     549883,          7,          0, (null)
   1.23393,     553979,          7,          0, (null)
   1.23393,     558075,          7,          0, (null)
   1.23394,     562171,          7,          0, (null)
   1.23394,     566267,          7,          0, (null)
   1.23395,     570363,          7,          0, (null)
   1.23395,     574459,          7,          0, (null)
   1.23396,     578555,          7,          0, (null)
   1.23396,     582651,          7,          0, (null)
   1.23396,     586747,          7,          0, (null)
   1.23397,     590843,          7,          0, (null)
   1.23397,     594939,          7,          0, (null)
   1.23398,     599035,          7,          0, (null)
   1.23398,     603131,          7,          0, (null)
   1.23399,     607227,          7,          0, (null)
   1.23399,     611323,          7,          0, (null)
   1.23400,     615419,          7,          0, (null)
   1.23400,     619515,          7,          0, (null)
   1.23400,     623611,          7,          0, (null)
   1.23401,     627707,          7,          0, (null)
   1.23401,     631803,          7,          0, (null)
   1.23402,     635899,          7,          0, (null)
   1.23402,     639995,          7,          0, (null)
   1.23403,     644091,          7,          0, (null)
   1.23403,     648187,          7,          0, (null)
   1.23404,     652283,          7,          0, (null)
   1.23404,     656379,          7,          0, (null)
   1.23405,     660475,          7,          0, (null)
   1.23405,     664571,          7,          0, (null)
   1.23406,     668667,          7,          0, (null)
   1.23406,     672763,          7,          0, (null)
   1.23406,     676859,          7,          0, (null)
   1.23407,     680955,          7,          0, (null)
   1.23407,     685051,          7,          0, (null)
   1.23408,     689147,          7,          0, (null)
   1.23408,     693243,          7,          0, (null)
   1.23409,     697339,          7,          0, (null)
   1.23409,     701435,          7,          0, (null)
   1.23410,     705531,          7,          0, (null)
   1.23410,     709627,          7,          0, (null)
   1.23410,     713723,          7,          0, (null)
   1.23411,     717819,          7,          0, (null)
   1.23411,     721915,          7,          0, (null)
   1.23412,     726011,          7,          0, (null)
   1.23412,     730107,          7,          0, (null)
   1.23413,     734203,          7,          0, (null)
   1.23413,     738299,          7,          0, (null)
   1.23414,     742395,          7,          0, (null)
   1.23414,     746491,          7,          0, (null)
   1.23415,     750587,          7,          0, (null)
   1.23415,     754683,          7,          0, (null)
   1.23415,     758779,          7,          0, (null)
   1.23416,     762875,          7,          0, (null)
   1.23416,     766971,          7,          0, (null)
   1.23417,     771067,          7,          0, (null)
   1.23417,     775163,          7,          0, (null)
   1.23418,     779259,          7,          0, (null)
   1.23418,     783355,          7,          0, (null)
   1.23418,     787451,          7,          0, (null)
   1.23419,     791547,          7,          0, (null)
   1.23419,     795643,          7,          0, (null)
   1.23420,     799739,          7,          0, (null)
   1.23420,     803835,          7,          0, (null)
   1.23421,     807931,          7,          0, (null)
   1.23421,     812027,          7,          0, (null)
   1.23422,     816123,          7,          0, (null)
   1.23422,     820219,          7,          0, (null)
   1.23423,     824315,          7,          0, (null)
   1.23423,     828411,          7,          0, (null)
   1.23424,     832507,          7,          0, (null)
   1.23424,     836603,          7,          0, (null)
   1.23424,     840699,          7,          0, (null)
   1.23425,     844795,          7,          0, (null)
   1.23425,     848891,          7,          0, (null)
   1.23426,     852987,          7,          0, (null)
   1.23427,     857083,          7,          0, (null)
   1.23427,     861179,          7,          0, (null)
   1.23427,     865275,          7,          0, (null)
   1.23428,     869371,          7,          0, (null)
   1.23428,     873467,          7,          0, (null)
   1.23429,     877563,          7,          0, (null)
   1.23429,     881659,          7,          0, (null)
   1.23430,     885755,          7,          0, (null)
   1.23430,     889851,          7,          0, (null)
   1.23431,     893947,          7,          0, (null)
   1.23431,     898043,          7,          0, (null)
   1.23432,     902139,          7,          0, (null)
   1.23432,     906235,          7,          0, (null)
   1.23433,     910331,          7,          0, (null)
   1.23433,     914427,          7,          0, (null)
   1.23433,     918523,          7,          0, (null)
   1.23434,     922619,          7,          0, (null)
   1.23434,     926715,          7,          0, (null)
   1.23435,     930811,          7,          0, (null)
   1.23435,     932501,          7,          0, (null)
   1.24707,     932501,          8,          0, /courses/ud923/filecorpus/moranabovejacksonlake.jpg
   1.32760,     933771,          8,          0, (null)
   1.34199,     933771,          9,          0, /courses/ud923/filecorpus/1kb-sample-file-0.png
   1.48409,     934805,          9,          0, (null)
   1.49564,     934805,         10,          0, /courses/ud923/filecorpus/1kb-sample-file-1.html
